n = 2	time = 0.003071s	pi = 3.141603
n = 3	time = 0.002378s	pi = 3.141603
n = 4	time = 0.002720s	pi = 3.141603
