n = 2	time = 0.001047s	pi = 3.141603
n = 3	time = 0.000748s	pi = 3.141603
n = 4	time = 0.000615s	pi = 3.141603
