n = 2	time = 0.001042s	pi = 3.141603
n = 3	time = 0.000745s	pi = 3.141603
n = 4	time = 0.000607s	pi = 3.141603
