n = 2	time = 0.001037s	pi = 3.141603
n = 3	time = 0.000793s	pi = 3.141603
n = 4	time = 0.000617s	pi = 3.141603
