n = 2	time = 0.001080s	pi = 3.141603
n = 3	time = 0.000749s	pi = 3.141603
n = 4	time = 0.000627s	pi = 2.356199
