n = 2	time = 0.000713	pi = 3.141603
n = 3	time = 0.000632	pi = 3.141603
n = 4	time = 0.000611	pi = 3.141603
